all_cpu_busy-cpu_00=6.203662
all_cpu_busy-cpu_01=7.134789
all_cpu_busy-cpu_02=7.515352
all_cpu_busy-cpu_03=6.986479
all_cpu_busy-cpu_04=7.461127
all_cpu_busy-cpu_05=6.114648
all_cpu_busy-cpu_06=7.255211
all_cpu_busy-cpu_07=6.814507
all_cpu_busy-cpu_08=10.154366
all_cpu_busy-cpu_09=10.396620
all_cpu_busy-cpu_10=7.592254
all_cpu_busy-cpu_11=7.245211
all_cpu_busy-cpu_12=6.742394
all_cpu_busy-cpu_13=7.190704
all_cpu_busy-cpu_14=6.626761
all_cpu_busy-cpu_15=6.878310
frequency_MHz-cpu_00=2300.020000
frequency_MHz-cpu_01=2300.020000
frequency_MHz-cpu_02=2300.020000
frequency_MHz-cpu_03=2300.020000
frequency_MHz-cpu_04=2300.020000
frequency_MHz-cpu_05=2300.020000
frequency_MHz-cpu_06=2300.020000
frequency_MHz-cpu_07=2300.020000
frequency_MHz-cpu_08=2300.020000
frequency_MHz-cpu_09=2300.020000
frequency_MHz-cpu_10=2300.020000
frequency_MHz-cpu_11=2300.020000
frequency_MHz-cpu_12=2300.020000
frequency_MHz-cpu_13=2300.020000
frequency_MHz-cpu_14=2300.020000
frequency_MHz-cpu_15=2300.020000
