memory_activity-fault_sec=38282.834789
memory_activity-majflt_sec=0.027746
memory_activity-page_swaps_in_sec=0.000000
memory_activity-page_swaps_out_sec=0.000000
memory_activity-pgfree_sec=33685.878873
memory_activity-pgpgin_sec=1057.482113
memory_activity-pgpgout_sec=5321.101127
memory_activity-pgscand_sec=0.000000
memory_activity-pgscank_sec=0.000000
memory_activity-pgsteal_sec=0.000000
memory_activity-vmeff_pct=0.000000
memory_usage-commit_pct=66.518169
memory_usage-hugeused_pct=0.000000
memory_usage-kbactive=7441846.140845
memory_usage-kbanonpg=6474832.563380
memory_usage-kbbuffers=4195.380282
memory_usage-kbcached=2252974.591549
memory_usage-kbcommit=43764994.591549
memory_usage-kbdirty=5512.450704
memory_usage-kbhugefree=0.000000
memory_usage-kbhugeused=0.000000
memory_usage-kbinactive=959629.352113
memory_usage-kbkstack=282071.436620
memory_usage-kbmemfree=53606105.746479
memory_usage-kbmemused=12187774.253521
memory_usage-kbpgtbl=46568.112676
memory_usage-kbslab=1247047.042254
memory_usage-kbswpcad=0.000000
memory_usage-kbswpfree=0.000000
memory_usage-kbswpused=0.000000
memory_usage-kbvmused=1469924.732394
memory_usage-memused_pct=18.524366
memory_usage-swpcad_pct=0.000000
memory_usage-swpused_pct=0.000000
