cpu_00-gnice=0.000000
cpu_00-guest=0.000000
cpu_00-idle=89.545070
cpu_00-iowait=4.001831
cpu_00-irq=0.000000
cpu_00-nice=0.000563
cpu_00-soft=0.021972
cpu_00-steal=0.247746
cpu_00-sys=3.579718
cpu_00-usr=2.601408
cpu_01-gnice=0.000000
cpu_01-guest=0.000000
cpu_01-idle=92.407746
cpu_01-iowait=0.246338
cpu_01-irq=0.000000
cpu_01-nice=0.000704
cpu_01-soft=0.041549
cpu_01-steal=0.210423
cpu_01-sys=4.345915
cpu_01-usr=2.746620
cpu_02-gnice=0.000000
cpu_02-guest=0.000000
cpu_02-idle=92.100141
cpu_02-iowait=0.177606
cpu_02-irq=0.000000
cpu_02-nice=0.001127
cpu_02-soft=0.029155
cpu_02-steal=0.204789
cpu_02-sys=4.461831
cpu_02-usr=3.023239
cpu_03-gnice=0.000000
cpu_03-guest=0.000000
cpu_03-idle=92.668732
cpu_03-iowait=0.149577
cpu_03-irq=0.000000
cpu_03-nice=0.000423
cpu_03-soft=0.023803
cpu_03-steal=0.194225
cpu_03-sys=4.386056
cpu_03-usr=2.576197
cpu_04-gnice=0.000000
cpu_04-guest=0.000000
cpu_04-idle=92.228873
cpu_04-iowait=0.117183
cpu_04-irq=0.000000
cpu_04-nice=0.000845
cpu_04-soft=0.020141
cpu_04-steal=0.192394
cpu_04-sys=4.561408
cpu_04-usr=2.878732
cpu_05-gnice=0.000000
cpu_05-guest=0.000000
cpu_05-idle=93.557465
cpu_05-iowait=0.129437
cpu_05-irq=0.000000
cpu_05-nice=0.001268
cpu_05-soft=0.020141
cpu_05-steal=0.196620
cpu_05-sys=3.800423
cpu_05-usr=2.292817
cpu_06-gnice=0.000000
cpu_06-guest=0.000000
cpu_06-idle=92.324507
cpu_06-iowait=0.231408
cpu_06-irq=0.000000
cpu_06-nice=0.002113
cpu_06-soft=0.018873
cpu_06-steal=0.187042
cpu_06-sys=4.520986
cpu_06-usr=2.713239
cpu_07-gnice=0.000000
cpu_07-guest=0.000000
cpu_07-idle=92.800282
cpu_07-iowait=0.176338
cpu_07-irq=0.000000
cpu_07-nice=0.003521
cpu_07-soft=0.019155
cpu_07-steal=0.208732
cpu_07-sys=4.315775
cpu_07-usr=2.476056
cpu_08-gnice=0.000000
cpu_08-guest=0.000000
cpu_08-idle=89.590000
cpu_08-iowait=0.101268
cpu_08-irq=0.000000
cpu_08-nice=0.006761
cpu_08-soft=0.328873
cpu_08-steal=0.153803
cpu_08-sys=5.813521
cpu_08-usr=4.005211
cpu_09-gnice=0.000000
cpu_09-guest=0.000000
cpu_09-idle=89.399437
cpu_09-iowait=0.044366
cpu_09-irq=0.000000
cpu_09-nice=0.004085
cpu_09-soft=0.362394
cpu_09-steal=0.159155
cpu_09-sys=6.209577
cpu_09-usr=3.820563
cpu_10-gnice=0.000000
cpu_10-guest=0.000000
cpu_10-idle=92.223239
cpu_10-iowait=0.050000
cpu_10-irq=0.000000
cpu_10-nice=0.002958
cpu_10-soft=0.017183
cpu_10-steal=0.133099
cpu_10-sys=5.344225
cpu_10-usr=2.227887
cpu_11-gnice=0.000000
cpu_11-guest=0.000000
cpu_11-idle=92.568451
cpu_11-iowait=0.050704
cpu_11-irq=0.000000
cpu_11-nice=0.002254
cpu_11-soft=0.014085
cpu_11-steal=0.133380
cpu_11-sys=5.215493
cpu_11-usr=2.013380
cpu_12-gnice=0.000000
cpu_12-guest=0.000000
cpu_12-idle=92.918592
cpu_12-iowait=0.200000
cpu_12-irq=0.000000
cpu_12-nice=0.008592
cpu_12-soft=0.011408
cpu_12-steal=0.137465
cpu_12-sys=5.002113
cpu_12-usr=1.720282
cpu_13-gnice=0.000000
cpu_13-guest=0.000000
cpu_13-idle=92.467606
cpu_13-iowait=0.205211
cpu_13-irq=0.000000
cpu_13-nice=0.001690
cpu_13-soft=0.011690
cpu_13-steal=0.135070
cpu_13-sys=5.200000
cpu_13-usr=1.977324
cpu_14-gnice=0.000000
cpu_14-guest=0.000000
cpu_14-idle=91.160563
cpu_14-iowait=2.041549
cpu_14-irq=0.000000
cpu_14-nice=0.003099
cpu_14-soft=0.009859
cpu_14-steal=0.172113
cpu_14-sys=4.544366
cpu_14-usr=2.069437
cpu_15-gnice=0.000000
cpu_15-guest=0.000000
cpu_15-idle=91.593944
cpu_15-iowait=1.367465
cpu_15-irq=0.000000
cpu_15-nice=0.003803
cpu_15-soft=0.011127
cpu_15-steal=0.159155
cpu_15-sys=4.847887
cpu_15-usr=2.015493
