all_cpu_busy-cpu_00=16.560986
all_cpu_busy-cpu_01=18.090423
all_cpu_busy-cpu_02=19.413380
all_cpu_busy-cpu_03=20.458592
frequency_MHz-cpu_00=2300.090000
frequency_MHz-cpu_01=2300.090000
frequency_MHz-cpu_02=2300.090000
frequency_MHz-cpu_03=2300.090000
