memory_activity-fault_sec=28892.239718
memory_activity-majflt_sec=0.040423
memory_activity-page_swaps_in_sec=0.000000
memory_activity-page_swaps_out_sec=0.000000
memory_activity-pgfree_sec=17530.067887
memory_activity-pgpgin_sec=43.131408
memory_activity-pgpgout_sec=884.276761
memory_activity-pgscand_sec=0.000000
memory_activity-pgscank_sec=0.000000
memory_activity-pgsteal_sec=0.000000
memory_activity-vmeff_pct=0.000000
memory_usage-commit_pct=13.505493
memory_usage-hugeused_pct=0.000000
memory_usage-kbactive=2413028.056338
memory_usage-kbanonpg=1204123.492958
memory_usage-kbbuffers=2124.000000
memory_usage-kbcached=1758210.760563
memory_usage-kbcommit=2196793.802817
memory_usage-kbdirty=1014.535211
memory_usage-kbhugefree=0.000000
memory_usage-kbhugeused=0.000000
memory_usage-kbinactive=497815.605634
memory_usage-kbkstack=4197.183099
memory_usage-kbmemfree=12934524.394366
memory_usage-kbmemused=3331907.605634
memory_usage-kbpgtbl=11067.549296
memory_usage-kbslab=190306.760563
memory_usage-kbswpcad=0.000000
memory_usage-kbswpfree=0.000000
memory_usage-kbswpused=0.000000
memory_usage-kbvmused=47098.478873
memory_usage-memused_pct=20.483521
memory_usage-swpcad_pct=0.000000
memory_usage-swpused_pct=0.000000
