all_cpu_busy-cpu_00=13.825493
all_cpu_busy-cpu_01=14.070282
all_cpu_busy-cpu_02=13.570423
all_cpu_busy-cpu_03=13.543521
frequency_MHz-cpu_00=2300.020000
frequency_MHz-cpu_01=2300.020000
frequency_MHz-cpu_02=2300.020000
frequency_MHz-cpu_03=2300.020000
