all_cpu_busy-cpu_00=6.513521
all_cpu_busy-cpu_01=5.961268
all_cpu_busy-cpu_02=4.384648
all_cpu_busy-cpu_03=4.734930
frequency_MHz-cpu_00=2299.960000
frequency_MHz-cpu_01=2299.960000
frequency_MHz-cpu_02=2299.960000
frequency_MHz-cpu_03=2299.960000
