cpu_00-gnice=0.000000
cpu_00-guest=0.000000
cpu_00-idle=93.110000
cpu_00-iowait=0.313239
cpu_00-irq=0.000000
cpu_00-nice=0.006056
cpu_00-soft=0.316761
cpu_00-steal=0.061690
cpu_00-sys=4.113099
cpu_00-usr=2.077606
cpu_01-gnice=0.000000
cpu_01-guest=0.000000
cpu_01-idle=93.883099
cpu_01-iowait=0.106197
cpu_01-irq=0.000000
cpu_01-nice=0.006197
cpu_01-soft=0.013239
cpu_01-steal=0.048028
cpu_01-sys=4.215211
cpu_01-usr=1.726620
cpu_02-gnice=0.000000
cpu_02-guest=0.000000
cpu_02-idle=95.492394
cpu_02-iowait=0.079437
cpu_02-irq=0.000000
cpu_02-nice=0.012817
cpu_02-soft=0.006056
cpu_02-steal=0.043239
cpu_02-sys=2.700000
cpu_02-usr=1.665775
cpu_03-gnice=0.000000
cpu_03-guest=0.000000
cpu_03-idle=94.832817
cpu_03-iowait=0.376620
cpu_03-irq=0.000000
cpu_03-nice=0.015634
cpu_03-soft=0.101972
cpu_03-steal=0.053099
cpu_03-sys=3.024648
cpu_03-usr=1.592676
