memory_activity-fault_sec=35586.422113
memory_activity-majflt_sec=0.021268
memory_activity-page_swaps_in_sec=0.000000
memory_activity-page_swaps_out_sec=0.000000
memory_activity-pgfree_sec=27003.351831
memory_activity-pgpgin_sec=31.420423
memory_activity-pgpgout_sec=284.234225
memory_activity-pgscand_sec=0.000000
memory_activity-pgscank_sec=0.000000
memory_activity-pgsteal_sec=0.000000
memory_activity-vmeff_pct=0.000000
memory_usage-commit_pct=250.454085
memory_usage-hugeused_pct=0.000000
memory_usage-kbactive=6327021.352113
memory_usage-kbanonpg=5311037.183099
memory_usage-kbbuffers=2124.000000
memory_usage-kbcached=1386377.352113
memory_usage-kbcommit=40740562.873239
memory_usage-kbdirty=1117.690141
memory_usage-kbhugefree=0.000000
memory_usage-kbhugeused=0.000000
memory_usage-kbinactive=316662.929577
memory_usage-kbkstack=78148.281690
memory_usage-kbmemfree=8484077.915493
memory_usage-kbmemused=7782610.084507
memory_usage-kbpgtbl=82511.098592
memory_usage-kbslab=482201.915493
memory_usage-kbswpcad=0.000000
memory_usage-kbswpfree=0.000000
memory_usage-kbswpused=0.000000
memory_usage-kbvmused=58738.591549
memory_usage-memused_pct=47.843662
memory_usage-swpcad_pct=0.000000
memory_usage-swpused_pct=0.000000
