cpu_00-gnice=0.000000
cpu_00-guest=0.000000
cpu_00-idle=84.629014
cpu_00-iowait=0.083239
cpu_00-irq=0.000000
cpu_00-nice=0.201127
cpu_00-soft=0.056197
cpu_00-steal=0.085775
cpu_00-sys=8.845915
cpu_00-usr=6.094930
cpu_01-gnice=0.000000
cpu_01-guest=0.000000
cpu_01-idle=84.147606
cpu_01-iowait=0.088873
cpu_01-irq=0.000000
cpu_01-nice=0.212535
cpu_01-soft=0.052817
cpu_01-steal=0.084507
cpu_01-sys=8.802817
cpu_01-usr=6.607465
cpu_02-gnice=0.000000
cpu_02-guest=0.000000
cpu_02-idle=85.005915
cpu_02-iowait=0.053944
cpu_02-irq=0.000000
cpu_02-nice=0.416761
cpu_02-soft=0.022394
cpu_02-steal=0.074366
cpu_02-sys=8.515352
cpu_02-usr=5.908873
cpu_03-gnice=0.000000
cpu_03-guest=0.000000
cpu_03-idle=84.549859
cpu_03-iowait=0.233521
cpu_03-irq=0.000000
cpu_03-nice=0.433380
cpu_03-soft=0.103662
cpu_03-steal=0.076197
cpu_03-sys=8.509155
cpu_03-usr=6.090563
