timestamp_ms,gnice,guest,idle,iowait,irq,nice,soft,steal,sys,usr
1505941345000,0.00,0.00,99.75,0.04,0.00,0.00,0.00,0.01,0.10,0.10
1505941445000,0.00,0.00,99.35,0.15,0.00,0.00,0.00,0.01,0.15,0.34
1505941545000,0.00,0.00,99.86,0.00,0.00,0.00,0.01,0.01,0.06,0.06
1505941645000,0.00,0.00,99.85,0.00,0.00,0.00,0.00,0.01,0.08,0.06
1505941745000,0.00,0.00,99.69,0.02,0.00,0.00,0.00,0.02,0.11,0.16
1505941845000,0.00,0.00,99.62,0.02,0.00,0.00,0.00,0.01,0.16,0.19
1505941945000,0.00,0.00,99.58,0.03,0.00,0.00,0.00,0.02,0.12,0.25
1505942045000,0.00,0.00,98.09,0.08,0.00,0.00,0.00,0.03,0.48,1.32
1505942145000,0.00,0.00,99.63,0.07,0.00,0.00,0.00,0.02,0.13,0.15
1505942245000,0.00,0.00,99.44,0.01,0.00,0.00,0.00,0.02,0.10,0.43
1505942345000,0.00,0.00,99.82,0.00,0.00,0.00,0.00,0.01,0.07,0.10
1505942445000,0.00,0.00,99.65,0.00,0.00,0.02,0.00,0.01,0.13,0.19
1505942545000,0.00,0.00,99.88,0.00,0.00,0.00,0.00,0.02,0.03,0.07
1505942645000,0.00,0.00,99.81,0.00,0.00,0.00,0.00,0.01,0.07,0.11
1505942745000,0.00,0.00,99.82,0.00,0.00,0.00,0.00,0.01,0.07,0.10
1505942845000,0.00,0.00,92.75,5.59,0.00,0.00,0.01,0.16,0.83,0.66
1505942945000,0.00,0.00,88.70,8.15,0.00,0.00,0.00,0.27,1.50,1.37
1505943045000,0.00,0.00,93.50,4.30,0.00,0.00,0.01,0.18,1.04,0.96
1505943145000,0.00,0.00,87.82,8.02,0.00,0.00,0.01,0.27,1.96,1.93
1505943245000,0.00,0.00,91.11,5.23,0.00,0.00,0.01,0.22,1.82,1.61
1505943345000,0.00,0.00,90.93,5.55,0.00,0.00,0.01,0.23,1.81,1.47
1505943445000,0.00,0.00,87.37,7.67,0.00,0.00,0.02,0.26,2.53,2.15
1505943545000,0.00,0.00,88.71,7.03,0.00,0.00,0.02,0.28,2.15,1.82
1505943645000,0.00,0.00,98.06,0.52,0.00,0.00,0.01,0.10,0.77,0.53
1505943745000,0.00,0.00,97.54,0.40,0.00,0.00,0.02,0.12,1.21,0.70
1505943845000,0.00,0.00,96.63,0.38,0.00,0.00,0.00,0.13,1.73,1.13
1505943945000,0.00,0.00,82.00,9.48,0.00,0.00,0.04,0.36,4.59,3.53
1505944045000,0.00,0.00,86.10,8.44,0.00,0.00,0.02,0.32,2.73,2.38
1505944145000,0.00,0.00,83.33,8.14,0.00,0.00,0.03,0.37,4.43,3.70
1505944245000,0.00,0.00,84.62,8.04,0.00,0.00,0.03,0.38,3.50,3.43
1505944345000,0.00,0.00,84.95,7.96,0.00,0.00,0.02,0.37,3.65,3.05
1505944445000,0.00,0.00,83.49,7.10,0.00,0.00,0.04,0.35,5.20,3.83
1505944545000,0.00,0.00,81.77,9.49,0.00,0.00,0.03,0.39,4.42,3.89
1505944645000,0.00,0.00,94.06,2.30,0.00,0.00,0.02,0.26,2.05,1.31
1505944745000,0.00,0.00,97.24,0.24,0.00,0.00,0.01,0.24,1.52,0.76
1505944845000,0.00,0.00,95.81,0.26,0.00,0.00,0.01,0.23,2.24,1.45
1505944945000,0.00,0.00,94.74,1.27,0.00,0.00,0.01,0.29,2.48,1.20
1505945045000,0.00,0.00,72.90,13.90,0.00,0.00,0.04,0.45,6.90,5.82
1505945145000,0.00,0.00,76.90,10.18,0.00,0.00,0.05,0.38,6.94,5.55
1505945245000,0.00,0.00,77.19,10.78,0.00,0.01,0.04,0.42,6.34,5.21
1505945345000,0.00,0.00,78.98,8.43,0.00,0.00,0.04,0.37,6.99,5.18
1505945445000,0.00,0.00,78.02,8.94,0.00,0.00,0.04,0.37,7.00,5.62
1505945545000,0.00,0.00,77.15,9.58,0.00,0.00,0.06,0.39,7.27,5.54
1505945645000,0.00,0.00,78.58,9.43,0.00,0.00,0.04,0.37,6.50,5.08
1505945745000,0.00,0.00,82.39,6.86,0.00,0.00,0.04,0.34,5.71,4.65
1505945845000,0.00,0.00,95.43,0.18,0.00,0.00,0.01,0.28,2.30,1.80
1505945945000,0.00,0.00,95.22,0.11,0.00,0.00,0.02,0.26,2.77,1.62
1505946045000,0.00,0.00,95.52,0.17,0.00,0.00,0.01,0.28,2.33,1.69
1505946145000,0.00,0.00,96.16,0.18,0.00,0.00,0.03,0.27,2.49,0.87
1505946245000,0.00,0.00,95.18,0.15,0.00,0.00,0.02,0.27,3.22,1.17
1505946345000,0.00,0.00,97.70,0.00,0.00,0.00,0.01,0.39,1.02,0.88
1505946445000,0.00,0.00,77.48,6.97,0.00,0.00,0.03,0.38,9.21,5.93
1505946545000,0.00,0.00,73.11,10.81,0.00,0.00,0.04,0.40,8.35,7.29
1505946645000,0.00,0.00,69.76,9.90,0.00,0.00,0.07,0.38,11.68,8.21
1505946745000,0.00,0.00,77.06,5.45,0.00,0.01,0.05,0.36,10.57,6.49
1505946845000,0.00,0.00,75.15,10.23,0.00,0.00,0.06,0.37,7.97,6.22
1505946945000,0.00,0.00,74.38,9.34,0.00,0.00,0.04,0.35,8.82,7.07
1505947045000,0.00,0.00,73.21,6.56,0.00,0.00,0.07,0.35,12.33,7.47
1505947145000,0.00,0.00,76.08,5.40,0.00,0.00,0.07,0.36,11.02,7.06
1505947245000,0.00,0.00,73.47,10.69,0.00,0.00,0.05,0.40,7.75,7.64
1505947345000,0.00,0.00,79.07,7.55,0.00,0.00,0.04,0.34,6.99,6.00
1505947445000,0.00,0.00,93.68,0.99,0.00,0.00,0.02,0.28,3.04,1.99
1505947545000,0.00,0.00,93.92,0.20,0.00,0.00,0.02,0.26,3.78,1.82
1505947645000,0.00,0.00,94.22,0.14,0.00,0.00,0.02,0.27,3.81,1.54
1505947745000,0.00,0.00,95.02,0.11,0.00,0.00,0.02,0.27,2.79,1.78
1505947845000,0.00,0.00,93.62,0.16,0.00,0.00,0.02,0.26,4.31,1.63
1505947945000,0.00,0.00,93.05,0.10,0.00,0.00,0.02,0.26,4.17,2.39
1505948045000,0.00,0.00,82.57,4.62,0.00,0.00,0.04,0.35,8.06,4.36
1505948145000,0.00,0.00,95.50,0.04,0.00,0.00,0.04,0.34,2.30,1.78
1505948245000,0.00,0.00,97.73,0.00,0.00,0.00,0.00,0.37,1.48,0.42
1505948345000,0.00,0.00,97.23,0.00,0.00,0.00,0.00,0.40,1.93,0.44
