timestamp_ms,gnice,guest,idle,iowait,irq,nice,soft,steal,sys,usr
1505941345000,0.00,0.00,99.05,0.00,0.00,0.00,0.01,0.01,0.22,0.71
1505941445000,0.00,0.00,98.13,0.00,0.00,0.00,0.03,0.00,0.39,1.45
1505941545000,0.00,0.00,99.92,0.00,0.00,0.00,0.00,0.00,0.05,0.03
1505941645000,0.00,0.00,99.77,0.00,0.00,0.00,0.00,0.01,0.04,0.18
1505941745000,0.00,0.00,97.23,0.00,0.00,0.00,0.01,0.01,0.44,2.31
1505941845000,0.00,0.00,97.62,0.09,0.00,0.25,0.01,0.02,1.15,0.85
1505941945000,0.00,0.00,98.84,0.00,0.00,0.00,0.01,0.01,0.26,0.88
1505942045000,0.00,0.00,97.60,0.12,0.00,0.00,0.04,0.05,0.62,1.57
1505942145000,0.00,0.00,99.59,0.00,0.00,0.00,0.01,0.01,0.16,0.23
1505942245000,0.00,0.00,99.62,0.00,0.00,0.00,0.00,0.01,0.23,0.14
1505942345000,0.00,0.00,99.74,0.00,0.00,0.00,0.00,0.01,0.16,0.09
1505942445000,0.00,0.00,99.74,0.00,0.00,0.00,0.01,0.01,0.14,0.10
1505942545000,0.00,0.00,99.73,0.00,0.00,0.00,0.00,0.01,0.14,0.12
1505942645000,0.00,0.00,99.74,0.00,0.00,0.00,0.00,0.01,0.15,0.10
1505942745000,0.00,0.00,99.77,0.00,0.00,0.00,0.00,0.00,0.12,0.11
1505942845000,0.00,0.00,97.80,0.00,0.00,0.00,0.06,0.04,0.74,1.36
1505942945000,0.00,0.00,94.50,0.02,0.00,0.01,0.17,0.08,1.97,3.25
1505943045000,0.00,0.00,94.61,0.02,0.00,0.00,0.19,0.08,1.89,3.20
1505943145000,0.00,0.00,93.01,0.09,0.00,0.00,0.24,0.09,2.59,3.98
1505943245000,0.00,0.00,91.93,0.04,0.00,0.00,0.29,0.10,3.33,4.30
1505943345000,0.00,0.00,91.54,0.02,0.00,0.00,0.28,0.09,3.75,4.31
1505943445000,0.00,0.00,91.73,0.09,0.00,0.00,0.30,0.10,3.47,4.31
1505943545000,0.00,0.00,93.62,0.02,0.00,0.00,0.22,0.07,3.09,2.97
1505943645000,0.00,0.00,95.01,0.00,0.00,0.01,0.13,0.04,2.76,2.05
1505943745000,0.00,0.00,96.17,0.00,0.00,0.00,0.10,0.05,2.55,1.14
1505943845000,0.00,0.00,96.64,0.01,0.00,0.00,0.12,0.05,2.15,1.04
1505943945000,0.00,0.00,85.11,0.15,0.00,0.00,0.76,0.15,6.38,7.44
1505944045000,0.00,0.00,89.56,0.08,0.00,0.00,0.32,0.14,5.46,4.43
1505944145000,0.00,0.00,87.23,0.04,0.00,0.01,0.54,0.15,6.47,5.56
1505944245000,0.00,0.00,88.49,0.10,0.00,0.00,0.47,0.17,5.72,5.05
1505944345000,0.00,0.00,87.62,0.03,0.00,0.00,0.34,0.16,6.70,5.15
1505944445000,0.00,0.00,85.70,0.06,0.00,0.00,0.54,0.18,8.03,5.49
1505944545000,0.00,0.00,88.36,0.04,0.00,0.00,0.36,0.15,6.55,4.54
1505944645000,0.00,0.00,93.86,0.03,0.00,0.01,0.07,0.10,4.40,1.53
1505944745000,0.00,0.00,93.51,0.14,0.00,0.00,0.06,0.11,4.59,1.59
1505944845000,0.00,0.00,91.94,0.03,0.00,0.00,0.07,0.11,6.36,1.48
1505944945000,0.00,0.00,92.72,0.05,0.00,0.00,0.34,0.14,3.66,3.08
1505945045000,0.00,0.00,82.21,0.06,0.00,0.00,0.84,0.21,9.71,6.97
1505945145000,0.00,0.00,83.32,0.05,0.00,0.00,0.74,0.23,9.33,6.34
1505945245000,0.00,0.00,83.59,0.09,0.00,0.00,0.57,0.22,9.04,6.49
1505945345000,0.00,0.00,83.01,0.06,0.00,0.00,0.82,0.22,9.13,6.76
1505945445000,0.00,0.00,81.99,0.02,0.00,0.00,0.55,0.23,11.03,6.17
1505945545000,0.00,0.00,80.42,0.14,0.00,0.00,0.83,0.23,10.85,7.53
1505945645000,0.00,0.00,81.79,0.06,0.00,0.01,0.47,0.22,11.04,6.41
1505945745000,0.00,0.00,82.59,0.11,0.00,0.00,0.47,0.21,10.18,6.44
1505945845000,0.00,0.00,87.06,0.00,0.00,0.00,0.13,0.15,9.76,2.90
1505945945000,0.00,0.00,91.77,0.01,0.00,0.00,0.09,0.19,6.49,1.44
1505946045000,0.00,0.00,91.97,0.01,0.00,0.00,0.12,0.20,5.99,1.70
1505946145000,0.00,0.00,89.70,0.01,0.00,0.01,0.08,0.17,7.45,2.58
1505946245000,0.00,0.00,87.74,0.02,0.00,0.00,0.35,0.19,7.46,4.23
1505946345000,0.00,0.00,97.38,0.00,0.00,0.00,0.11,0.22,1.56,0.73
1505946445000,0.00,0.00,82.15,0.08,0.00,0.00,0.56,0.22,10.68,6.31
1505946545000,0.00,0.00,81.07,0.14,0.00,0.00,0.64,0.24,10.49,7.41
1505946645000,0.00,0.00,75.04,0.12,0.00,0.00,1.07,0.26,15.25,8.26
1505946745000,0.00,0.00,71.49,0.10,0.00,0.00,0.98,0.22,15.82,11.39
1505946845000,0.00,0.00,80.15,0.07,0.00,0.00,0.69,0.24,12.48,6.36
1505946945000,0.00,0.00,76.92,0.20,0.00,0.00,0.85,0.24,13.15,8.65
1505947045000,0.00,0.00,72.81,0.20,0.00,0.00,1.35,0.27,16.28,9.10
1505947145000,0.00,0.00,76.03,0.11,0.00,0.00,1.07,0.27,14.37,8.14
1505947245000,0.00,0.00,80.50,0.05,0.00,0.00,0.57,0.22,12.55,6.11
1505947345000,0.00,0.00,81.49,0.04,0.00,0.00,0.58,0.22,11.14,6.53
1505947445000,0.00,0.00,85.24,0.00,0.00,0.00,0.22,0.20,10.68,3.67
1505947545000,0.00,0.00,84.92,0.03,0.00,0.00,0.21,0.18,11.29,3.37
1505947645000,0.00,0.00,86.59,0.00,0.00,0.00,0.20,0.20,10.55,2.47
1505947745000,0.00,0.00,88.48,0.01,0.00,0.00,0.14,0.21,7.83,3.33
1505947845000,0.00,0.00,85.59,0.01,0.00,0.01,0.26,0.25,9.83,4.05
1505947945000,0.00,0.00,88.22,0.01,0.00,0.00,0.25,0.21,7.94,3.38
1505948045000,0.00,0.00,84.23,0.14,0.00,0.00,0.64,0.25,9.73,5.01
1505948145000,0.00,0.00,90.02,0.00,0.00,0.00,0.63,0.24,5.37,3.75
1505948245000,0.00,0.00,96.92,0.00,0.00,0.00,0.01,0.25,2.29,0.53
1505948345000,0.00,0.00,94.81,0.00,0.00,0.00,0.02,0.24,4.29,0.64
