all_cpu_busy-cpu_00=5.964225
all_cpu_busy-cpu_01=6.993239
all_cpu_busy-cpu_02=6.881127
all_cpu_busy-cpu_03=6.966901
all_cpu_busy-cpu_04=7.054366
all_cpu_busy-cpu_05=7.186479
all_cpu_busy-cpu_06=7.203099
all_cpu_busy-cpu_07=5.955493
all_cpu_busy-cpu_08=10.038169
all_cpu_busy-cpu_09=10.058873
all_cpu_busy-cpu_10=7.961549
all_cpu_busy-cpu_11=7.066761
all_cpu_busy-cpu_12=6.217887
all_cpu_busy-cpu_13=6.863803
all_cpu_busy-cpu_14=6.479155
all_cpu_busy-cpu_15=6.774366
frequency_MHz-cpu_00=2300.190000
frequency_MHz-cpu_01=2300.190000
frequency_MHz-cpu_02=2300.190000
frequency_MHz-cpu_03=2300.190000
frequency_MHz-cpu_04=2300.190000
frequency_MHz-cpu_05=2300.190000
frequency_MHz-cpu_06=2300.190000
frequency_MHz-cpu_07=2300.190000
frequency_MHz-cpu_08=2300.190000
frequency_MHz-cpu_09=2300.190000
frequency_MHz-cpu_10=2300.190000
frequency_MHz-cpu_11=2300.190000
frequency_MHz-cpu_12=2300.190000
frequency_MHz-cpu_13=2300.190000
frequency_MHz-cpu_14=2300.190000
frequency_MHz-cpu_15=2300.190000
