cpu_00-gnice=0.000000
cpu_00-guest=0.000000
cpu_00-idle=92.115493
cpu_00-iowait=1.695493
cpu_00-irq=0.000000
cpu_00-nice=0.000282
cpu_00-soft=0.025352
cpu_00-steal=0.222394
cpu_00-sys=3.613944
cpu_00-usr=2.324648
cpu_01-gnice=0.000000
cpu_01-guest=0.000000
cpu_01-idle=92.600141
cpu_01-iowait=0.207746
cpu_01-irq=0.000000
cpu_01-nice=0.000845
cpu_01-soft=0.038873
cpu_01-steal=0.197042
cpu_01-sys=4.304085
cpu_01-usr=2.649437
cpu_02-gnice=0.000000
cpu_02-guest=0.000000
cpu_02-idle=92.755070
cpu_02-iowait=0.176197
cpu_02-irq=0.000000
cpu_02-nice=0.000423
cpu_02-soft=0.030141
cpu_02-steal=0.185634
cpu_02-sys=4.185211
cpu_02-usr=2.665352
cpu_03-gnice=0.000000
cpu_03-guest=0.000000
cpu_03-idle=92.680141
cpu_03-iowait=0.166197
cpu_03-irq=0.000000
cpu_03-nice=0.000141
cpu_03-soft=0.025352
cpu_03-steal=0.185211
cpu_03-sys=4.109155
cpu_03-usr=2.832254
cpu_04-gnice=0.000000
cpu_04-guest=0.000000
cpu_04-idle=92.600986
cpu_04-iowait=0.166620
cpu_04-irq=0.000000
cpu_04-nice=0.002958
cpu_04-soft=0.021831
cpu_04-steal=0.177324
cpu_04-sys=4.207746
cpu_04-usr=2.821831
cpu_05-gnice=0.000000
cpu_05-guest=0.000000
cpu_05-idle=92.491549
cpu_05-iowait=0.142817
cpu_05-irq=0.000000
cpu_05-nice=0.002394
cpu_05-soft=0.019859
cpu_05-steal=0.176761
cpu_05-sys=4.522394
cpu_05-usr=2.641831
cpu_06-gnice=0.000000
cpu_06-guest=0.000000
cpu_06-idle=92.408732
cpu_06-iowait=0.207746
cpu_06-irq=0.000000
cpu_06-nice=0.001972
cpu_06-soft=0.019437
cpu_06-steal=0.178592
cpu_06-sys=4.597042
cpu_06-usr=2.584648
cpu_07-gnice=0.000000
cpu_07-guest=0.000000
cpu_07-idle=93.654366
cpu_07-iowait=0.186901
cpu_07-irq=0.000000
cpu_07-nice=0.001690
cpu_07-soft=0.017606
cpu_07-steal=0.201549
cpu_07-sys=3.690141
cpu_07-usr=2.246056
cpu_08-gnice=0.000000
cpu_08-guest=0.000000
cpu_08-idle=89.774085
cpu_08-iowait=0.045352
cpu_08-irq=0.000000
cpu_08-nice=0.004507
cpu_08-soft=0.326901
cpu_08-steal=0.141408
cpu_08-sys=6.026901
cpu_08-usr=3.679859
cpu_09-gnice=0.000000
cpu_09-guest=0.000000
cpu_09-idle=89.754225
cpu_09-iowait=0.038451
cpu_09-irq=0.000000
cpu_09-nice=0.002958
cpu_09-soft=0.346338
cpu_09-steal=0.147606
cpu_09-sys=5.870282
cpu_09-usr=3.839296
cpu_10-gnice=0.000000
cpu_10-guest=0.000000
cpu_10-idle=91.879014
cpu_10-iowait=0.032113
cpu_10-irq=0.000000
cpu_10-nice=0.002254
cpu_10-soft=0.018592
cpu_10-steal=0.126761
cpu_10-sys=5.731127
cpu_10-usr=2.209577
cpu_11-gnice=0.000000
cpu_11-guest=0.000000
cpu_11-idle=92.762254
cpu_11-iowait=0.044085
cpu_11-irq=0.000000
cpu_11-nice=0.002817
cpu_11-soft=0.013662
cpu_11-steal=0.124789
cpu_11-sys=5.112676
cpu_11-usr=1.937606
cpu_12-gnice=0.000000
cpu_12-guest=0.000000
cpu_12-idle=93.315211
cpu_12-iowait=0.338592
cpu_12-irq=0.000000
cpu_12-nice=0.007183
cpu_12-soft=0.013099
cpu_12-steal=0.127887
cpu_12-sys=4.481972
cpu_12-usr=1.715634
cpu_13-gnice=0.000000
cpu_13-guest=0.000000
cpu_13-idle=92.749718
cpu_13-iowait=0.260986
cpu_13-irq=0.000000
cpu_13-nice=0.004789
cpu_13-soft=0.011690
cpu_13-steal=0.124225
cpu_13-sys=4.909155
cpu_13-usr=1.938169
cpu_14-gnice=0.000000
cpu_14-guest=0.000000
cpu_14-idle=90.757746
cpu_14-iowait=2.592113
cpu_14-irq=0.000000
cpu_14-nice=0.004789
cpu_14-soft=0.009155
cpu_14-steal=0.170704
cpu_14-sys=4.327183
cpu_14-usr=2.138028
cpu_15-gnice=0.000000
cpu_15-guest=0.000000
cpu_15-idle=90.665634
cpu_15-iowait=2.406197
cpu_15-irq=0.000000
cpu_15-nice=0.004930
cpu_15-soft=0.010141
cpu_15-steal=0.153380
cpu_15-sys=4.720000
cpu_15-usr=2.039296
