memory_activity-fault_sec=35543.926901
memory_activity-majflt_sec=0.026056
memory_activity-page_swaps_in_sec=0.000000
memory_activity-page_swaps_out_sec=0.000000
memory_activity-pgfree_sec=24451.467746
memory_activity-pgpgin_sec=31.700986
memory_activity-pgpgout_sec=322.731127
memory_activity-pgscand_sec=0.000000
memory_activity-pgscank_sec=1.998732
memory_activity-pgsteal_sec=1.967606
memory_activity-vmeff_pct=4.169577
memory_usage-commit_pct=250.882817
memory_usage-hugeused_pct=0.000000
memory_usage-kbactive=6413919.267606
memory_usage-kbanonpg=5321487.830986
memory_usage-kbbuffers=2124.000000
memory_usage-kbcached=1944608.619718
memory_usage-kbcommit=40810296.394366
memory_usage-kbdirty=1146.422535
memory_usage-kbhugefree=0.000000
memory_usage-kbhugeused=0.000000
memory_usage-kbinactive=797254.873239
memory_usage-kbkstack=78316.845070
memory_usage-kbmemfree=7824877.352113
memory_usage-kbmemused=8441810.647887
memory_usage-kbpgtbl=82592.507042
memory_usage-kbslab=559249.633803
memory_usage-kbswpcad=0.000000
memory_usage-kbswpfree=0.000000
memory_usage-kbswpused=0.000000
memory_usage-kbvmused=58312.281690
memory_usage-memused_pct=51.896338
memory_usage-swpcad_pct=0.000000
memory_usage-swpused_pct=0.000000
