cpu_00-gnice=0.000000
cpu_00-guest=0.000000
cpu_00-idle=86.084789
cpu_00-iowait=0.294789
cpu_00-irq=0.000000
cpu_00-nice=0.203521
cpu_00-soft=0.024789
cpu_00-steal=0.087042
cpu_00-sys=7.414085
cpu_00-usr=5.888169
cpu_01-gnice=0.000000
cpu_01-guest=0.000000
cpu_01-idle=85.316901
cpu_01-iowait=0.371127
cpu_01-irq=0.000000
cpu_01-nice=0.200845
cpu_01-soft=0.018310
cpu_01-steal=0.080986
cpu_01-sys=7.562535
cpu_01-usr=6.445634
cpu_02-gnice=0.000000
cpu_02-guest=0.000000
cpu_02-idle=86.099718
cpu_02-iowait=0.104085
cpu_02-irq=0.000000
cpu_02-nice=0.423803
cpu_02-soft=0.011831
cpu_02-steal=0.074507
cpu_02-sys=7.455634
cpu_02-usr=5.828592
cpu_03-gnice=0.000000
cpu_03-guest=0.000000
cpu_03-idle=85.723380
cpu_03-iowait=0.173521
cpu_03-irq=0.000000
cpu_03-nice=0.419014
cpu_03-soft=0.076761
cpu_03-steal=0.073239
cpu_03-sys=7.331268
cpu_03-usr=6.199155
