all_cpu_busy-cpu_00=1.570563
all_cpu_busy-cpu_01=2.327324
all_cpu_busy-cpu_02=1.530845
all_cpu_busy-cpu_03=1.329718
all_cpu_busy-cpu_04=1.523380
all_cpu_busy-cpu_05=2.065352
all_cpu_busy-cpu_06=1.785493
all_cpu_busy-cpu_07=1.336761
all_cpu_busy-cpu_08=2.188873
all_cpu_busy-cpu_09=2.189437
all_cpu_busy-cpu_10=1.610986
all_cpu_busy-cpu_11=4.171831
all_cpu_busy-cpu_12=2.295070
all_cpu_busy-cpu_13=3.860423
all_cpu_busy-cpu_14=1.634930
all_cpu_busy-cpu_15=1.169577
frequency_MHz-cpu_00=2300.110000
frequency_MHz-cpu_01=2300.110000
frequency_MHz-cpu_02=2300.110000
frequency_MHz-cpu_03=2300.110000
frequency_MHz-cpu_04=2300.110000
frequency_MHz-cpu_05=2300.110000
frequency_MHz-cpu_06=2300.110000
frequency_MHz-cpu_07=2300.110000
frequency_MHz-cpu_08=2300.110000
frequency_MHz-cpu_09=2300.110000
frequency_MHz-cpu_10=2300.110000
frequency_MHz-cpu_11=2300.110000
frequency_MHz-cpu_12=2300.110000
frequency_MHz-cpu_13=2300.110000
frequency_MHz-cpu_14=2300.110000
frequency_MHz-cpu_15=2300.110000
