cpu_00-gnice=0.000000
cpu_00-guest=0.000000
cpu_00-idle=98.144366
cpu_00-iowait=0.227324
cpu_00-irq=0.000000
cpu_00-nice=0.001831
cpu_00-soft=0.003380
cpu_00-steal=0.056479
cpu_00-sys=0.786479
cpu_00-usr=0.778873
cpu_01-gnice=0.000000
cpu_01-guest=0.000000
cpu_01-idle=97.566479
cpu_01-iowait=0.052535
cpu_01-irq=0.000000
cpu_01-nice=0.000986
cpu_01-soft=0.002113
cpu_01-steal=0.052958
cpu_01-sys=1.609718
cpu_01-usr=0.714507
cpu_02-gnice=0.000000
cpu_02-guest=0.000000
cpu_02-idle=98.405493
cpu_02-iowait=0.009718
cpu_02-irq=0.000000
cpu_02-nice=0.000704
cpu_02-soft=0.001690
cpu_02-steal=0.052394
cpu_02-sys=0.870704
cpu_02-usr=0.657746
cpu_03-gnice=0.000000
cpu_03-guest=0.000000
cpu_03-idle=98.586901
cpu_03-iowait=0.029718
cpu_03-irq=0.000000
cpu_03-nice=0.000563
cpu_03-soft=0.000845
cpu_03-steal=0.053099
cpu_03-sys=0.658592
cpu_03-usr=0.669718
cpu_04-gnice=0.000000
cpu_04-guest=0.000000
cpu_04-idle=98.397324
cpu_04-iowait=0.022817
cpu_04-irq=0.000000
cpu_04-nice=0.000704
cpu_04-soft=0.010000
cpu_04-steal=0.055775
cpu_04-sys=0.593239
cpu_04-usr=0.919437
cpu_05-gnice=0.000000
cpu_05-guest=0.000000
cpu_05-idle=97.859155
cpu_05-iowait=0.009437
cpu_05-irq=0.000000
cpu_05-nice=0.000282
cpu_05-soft=0.005493
cpu_05-steal=0.065352
cpu_05-sys=1.143662
cpu_05-usr=0.915915
cpu_06-gnice=0.000000
cpu_06-guest=0.000000
cpu_06-idle=98.140423
cpu_06-iowait=0.013803
cpu_06-irq=0.000000
cpu_06-nice=0.000141
cpu_06-soft=0.003662
cpu_06-steal=0.059155
cpu_06-sys=0.647606
cpu_06-usr=1.134085
cpu_07-gnice=0.000000
cpu_07-guest=0.000000
cpu_07-idle=98.592676
cpu_07-iowait=0.012958
cpu_07-irq=0.000000
cpu_07-nice=0.000563
cpu_07-soft=0.003099
cpu_07-steal=0.056901
cpu_07-sys=0.536901
cpu_07-usr=0.796197
cpu_08-gnice=0.000000
cpu_08-guest=0.000000
cpu_08-idle=97.792958
cpu_08-iowait=0.002113
cpu_08-irq=0.000000
cpu_08-nice=0.001690
cpu_08-soft=0.000141
cpu_08-steal=0.014507
cpu_08-sys=1.620000
cpu_08-usr=0.567042
cpu_09-gnice=0.000000
cpu_09-guest=0.000000
cpu_09-idle=97.791268
cpu_09-iowait=0.004648
cpu_09-irq=0.000000
cpu_09-nice=0.003239
cpu_09-soft=0.000282
cpu_09-steal=0.013521
cpu_09-sys=1.733099
cpu_09-usr=0.452817
cpu_10-gnice=0.000000
cpu_10-guest=0.000000
cpu_10-idle=98.368873
cpu_10-iowait=0.003099
cpu_10-irq=0.000000
cpu_10-nice=0.002676
cpu_10-soft=0.000141
cpu_10-steal=0.015352
cpu_10-sys=1.093239
cpu_10-usr=0.514930
cpu_11-gnice=0.000000
cpu_11-guest=0.000000
cpu_11-idle=95.732676
cpu_11-iowait=0.043521
cpu_11-irq=0.000000
cpu_11-nice=0.002394
cpu_11-soft=0.479155
cpu_11-steal=0.050282
cpu_11-sys=1.372113
cpu_11-usr=2.318169
cpu_12-gnice=0.000000
cpu_12-guest=0.000000
cpu_12-idle=97.661690
cpu_12-iowait=0.002254
cpu_12-irq=0.000000
cpu_12-nice=0.001690
cpu_12-soft=0.154789
cpu_12-steal=0.039859
cpu_12-sys=1.048873
cpu_12-usr=1.089718
cpu_13-gnice=0.000000
cpu_13-guest=0.000000
cpu_13-idle=96.122535
cpu_13-iowait=0.002535
cpu_13-irq=0.000000
cpu_13-nice=0.004225
cpu_13-soft=0.000141
cpu_13-steal=0.013239
cpu_13-sys=3.120141
cpu_13-usr=0.735915
cpu_14-gnice=0.000000
cpu_14-guest=0.000000
cpu_14-idle=98.341831
cpu_14-iowait=0.006479
cpu_14-irq=0.000000
cpu_14-nice=0.003803
cpu_14-soft=0.000141
cpu_14-steal=0.014789
cpu_14-sys=1.163521
cpu_14-usr=0.467465
cpu_15-gnice=0.000000
cpu_15-guest=0.000000
cpu_15-idle=98.618732
cpu_15-iowait=0.194789
cpu_15-irq=0.000000
cpu_15-nice=0.008873
cpu_15-soft=0.000141
cpu_15-steal=0.015352
cpu_15-sys=0.774648
cpu_15-usr=0.385915
