timestamp_ms,gnice,guest,idle,iowait,irq,nice,soft,steal,sys,usr
1505941345000,0.00,0.00,83.17,0.82,0.00,0.00,0.00,0.02,0.83,15.15
1505941445000,0.00,0.00,75.08,6.50,0.00,0.00,0.01,0.04,1.18,17.19
1505941545000,0.00,0.00,99.61,0.00,0.00,0.00,0.01,0.02,0.17,0.19
1505941645000,0.00,0.00,96.70,0.00,0.00,0.00,0.00,0.02,0.46,2.82
1505941745000,0.00,0.00,94.52,0.04,0.00,0.00,0.00,0.03,0.98,4.43
1505941845000,0.00,0.00,95.61,0.81,0.00,0.00,0.01,0.05,1.39,2.13
1505941945000,0.00,0.00,99.28,0.01,0.00,0.00,0.00,0.03,0.28,0.40
1505942045000,0.00,0.00,99.55,0.00,0.00,0.00,0.00,0.02,0.20,0.23
1505942145000,0.00,0.00,87.06,6.03,0.00,0.57,0.00,0.09,2.38,3.88
1505942245000,0.00,0.00,99.20,0.03,0.00,0.00,0.00,0.03,0.41,0.33
1505942345000,0.00,0.00,99.49,0.00,0.00,0.00,0.00,0.02,0.26,0.23
1505942445000,0.00,0.00,89.33,6.41,0.00,0.00,0.00,0.06,1.06,3.14
1505942545000,0.00,0.00,99.32,0.01,0.00,0.00,0.00,0.02,0.30,0.35
1505942645000,0.00,0.00,99.51,0.01,0.00,0.00,0.00,0.03,0.22,0.23
1505942745000,0.00,0.00,99.51,0.00,0.00,0.00,0.00,0.02,0.22,0.25
1505942845000,0.00,0.00,98.71,0.18,0.00,0.00,0.00,0.03,0.58,0.49
1505942945000,0.00,0.00,98.21,0.06,0.00,0.00,0.01,0.05,0.88,0.78
1505943045000,0.00,0.00,96.25,0.13,0.00,0.01,0.00,0.10,1.87,1.63
1505943145000,0.00,0.00,97.75,0.03,0.00,0.00,0.00,0.04,1.11,1.07
1505943245000,0.00,0.00,96.00,0.10,0.00,0.00,0.01,0.08,1.98,1.82
1505943345000,0.00,0.00,95.45,0.28,0.00,0.00,0.00,0.06,2.17,2.04
1505943445000,0.00,0.00,94.56,0.63,0.00,0.01,0.01,0.09,2.23,2.47
1505943545000,0.00,0.00,94.16,0.20,0.00,0.01,0.00,0.07,2.83,2.72
1505943645000,0.00,0.00,92.75,0.18,0.00,0.02,0.01,0.11,3.76,3.16
1505943745000,0.00,0.00,91.70,0.11,0.00,0.01,0.01,0.10,4.15,3.92
1505943845000,0.00,0.00,90.70,0.13,0.00,0.02,0.01,0.11,4.67,4.36
1505943945000,0.00,0.00,92.60,0.07,0.00,0.02,0.01,0.06,3.64,3.60
1505944045000,0.00,0.00,90.85,0.13,0.00,0.01,0.01,0.11,4.41,4.48
1505944145000,0.00,0.00,90.88,0.08,0.00,0.04,0.01,0.07,4.56,4.36
1505944245000,0.00,0.00,88.89,0.14,0.00,0.03,0.02,0.12,5.31,5.49
1505944345000,0.00,0.00,89.35,0.11,0.00,0.04,0.00,0.08,5.62,4.80
1505944445000,0.00,0.00,87.80,0.07,0.00,0.04,0.01,0.09,6.76,5.23
1505944545000,0.00,0.00,87.37,0.06,0.00,0.03,0.02,0.09,6.76,5.66
1505944645000,0.00,0.00,84.46,0.15,0.00,0.05,0.02,0.12,8.58,6.62
1505944745000,0.00,0.00,84.27,0.13,0.00,0.07,0.03,0.11,9.05,6.33
1505944845000,0.00,0.00,80.42,0.12,0.00,0.09,0.06,0.12,11.13,8.06
1505944945000,0.00,0.00,86.74,0.07,0.00,0.10,0.02,0.09,6.12,6.85
1505945045000,0.00,0.00,86.85,0.03,0.00,0.11,0.04,0.08,6.80,6.10
1505945145000,0.00,0.00,85.36,0.10,0.00,0.14,0.02,0.12,7.27,6.99
1505945245000,0.00,0.00,85.27,0.07,0.00,0.10,0.02,0.07,7.88,6.58
1505945345000,0.00,0.00,84.70,0.09,0.00,0.16,0.05,0.13,7.61,7.25
1505945445000,0.00,0.00,85.59,0.07,0.00,0.12,0.00,0.08,7.37,6.76
1505945545000,0.00,0.00,84.01,0.07,0.00,0.16,0.01,0.08,8.56,7.10
1505945645000,0.00,0.00,83.77,0.05,0.00,0.18,0.01,0.09,8.48,7.42
1505945745000,0.00,0.00,82.50,0.06,0.00,0.18,0.01,0.09,9.75,7.41
1505945845000,0.00,0.00,78.92,0.12,0.00,0.21,0.02,0.14,11.56,9.02
1505945945000,0.00,0.00,80.51,0.06,0.00,0.22,0.01,0.10,10.98,8.11
1505946045000,0.00,0.00,76.83,0.15,0.00,0.24,0.01,0.10,13.94,8.72
1505946145000,0.00,0.00,75.95,0.11,0.00,0.29,0.02,0.10,13.71,9.82
1505946245000,0.00,0.00,75.51,0.18,0.00,0.37,0.01,0.13,13.42,10.37
1505946345000,0.00,0.00,80.25,0.20,0.00,0.33,0.02,0.12,10.59,8.49
1505946445000,0.00,0.00,81.94,0.00,0.00,0.29,0.00,0.07,9.90,7.80
1505946545000,0.00,0.00,79.14,0.01,0.00,0.34,0.01,0.08,12.07,8.34
1505946645000,0.00,0.00,77.01,0.08,0.00,0.37,0.07,0.09,12.68,9.70
1505946745000,0.00,0.00,75.34,0.06,0.00,0.39,0.03,0.09,14.76,9.33
1505946845000,0.00,0.00,75.03,0.05,0.00,0.43,0.03,0.09,14.75,9.62
1505946945000,0.00,0.00,75.51,0.03,0.00,0.42,0.00,0.09,14.61,9.34
1505947045000,0.00,0.00,78.58,0.04,0.00,0.44,0.01,0.09,11.70,9.13
1505947145000,0.00,0.00,76.80,0.05,0.00,0.44,0.00,0.09,12.99,9.63
1505947245000,0.00,0.00,74.88,0.04,0.00,0.49,0.04,0.10,14.56,9.89
1505947345000,0.00,0.00,74.41,0.05,0.00,0.58,0.05,0.10,14.25,10.55
1505947445000,0.00,0.00,74.79,0.05,0.00,0.48,0.10,0.09,13.46,11.02
1505947545000,0.00,0.00,70.68,0.11,0.00,0.54,0.08,0.12,16.72,11.75
1505947645000,0.00,0.00,70.24,0.12,0.00,0.55,0.04,0.13,17.36,11.55
1505947745000,0.00,0.00,70.71,0.04,0.00,0.51,0.06,0.09,16.85,11.74
1505947845000,0.00,0.00,67.68,0.09,0.00,0.60,0.07,0.12,18.47,12.95
1505947945000,0.00,0.00,63.63,0.14,0.00,0.66,0.07,0.13,19.02,16.35
1505948045000,0.00,0.00,75.76,0.02,0.00,0.65,0.02,0.08,13.51,9.95
1505948145000,0.00,0.00,70.04,0.12,0.00,0.77,0.03,0.11,16.99,11.93
1505948245000,0.00,0.00,75.58,0.06,0.00,0.63,0.02,0.09,13.28,10.33
1505948345000,0.00,0.00,76.92,0.00,0.00,0.70,0.02,0.07,12.58,9.71
