all_cpu_busy-cpu_00=6.408028
all_cpu_busy-cpu_01=8.163099
all_cpu_busy-cpu_02=7.646620
all_cpu_busy-cpu_03=7.480986
all_cpu_busy-cpu_04=8.037887
all_cpu_busy-cpu_05=7.191831
all_cpu_busy-cpu_06=7.741972
all_cpu_busy-cpu_07=7.045211
all_cpu_busy-cpu_08=10.484789
all_cpu_busy-cpu_09=11.660423
all_cpu_busy-cpu_10=7.820141
all_cpu_busy-cpu_11=7.374225
all_cpu_busy-cpu_12=7.121408
all_cpu_busy-cpu_13=6.513662
all_cpu_busy-cpu_14=6.950986
all_cpu_busy-cpu_15=7.643380
frequency_MHz-cpu_00=2300.080000
frequency_MHz-cpu_01=2300.080000
frequency_MHz-cpu_02=2300.080000
frequency_MHz-cpu_03=2300.080000
frequency_MHz-cpu_04=2300.080000
frequency_MHz-cpu_05=2300.080000
frequency_MHz-cpu_06=2300.080000
frequency_MHz-cpu_07=2300.080000
frequency_MHz-cpu_08=2300.080000
frequency_MHz-cpu_09=2300.080000
frequency_MHz-cpu_10=2300.080000
frequency_MHz-cpu_11=2300.080000
frequency_MHz-cpu_12=2300.080000
frequency_MHz-cpu_13=2300.080000
frequency_MHz-cpu_14=2300.080000
frequency_MHz-cpu_15=2300.080000
