cpu_00-gnice=0.000000
cpu_00-guest=0.000000
cpu_00-idle=91.498873
cpu_00-iowait=1.843099
cpu_00-irq=0.000000
cpu_00-nice=0.000704
cpu_00-soft=0.023662
cpu_00-steal=0.247746
cpu_00-sys=3.874789
cpu_00-usr=2.508873
cpu_01-gnice=0.000000
cpu_01-guest=0.000000
cpu_01-idle=91.439718
cpu_01-iowait=0.182113
cpu_01-irq=0.000000
cpu_01-nice=0.000563
cpu_01-soft=0.033944
cpu_01-steal=0.213380
cpu_01-sys=5.472535
cpu_01-usr=2.656056
cpu_02-gnice=0.000000
cpu_02-guest=0.000000
cpu_02-idle=91.992394
cpu_02-iowait=0.139437
cpu_02-irq=0.000000
cpu_02-nice=0.001268
cpu_02-soft=0.027324
cpu_02-steal=0.220423
cpu_02-sys=4.799859
cpu_02-usr=2.818169
cpu_03-gnice=0.000000
cpu_03-guest=0.000000
cpu_03-idle=92.173239
cpu_03-iowait=0.131549
cpu_03-irq=0.000000
cpu_03-nice=0.001549
cpu_03-soft=0.022817
cpu_03-steal=0.212113
cpu_03-sys=4.520141
cpu_03-usr=2.936479
cpu_04-gnice=0.000000
cpu_04-guest=0.000000
cpu_04-idle=91.640423
cpu_04-iowait=0.121127
cpu_04-irq=0.000000
cpu_04-nice=0.001127
cpu_04-soft=0.022113
cpu_04-steal=0.199437
cpu_04-sys=4.909437
cpu_04-usr=3.105211
cpu_05-gnice=0.000000
cpu_05-guest=0.000000
cpu_05-idle=92.483099
cpu_05-iowait=0.113521
cpu_05-irq=0.000000
cpu_05-nice=0.001268
cpu_05-soft=0.021127
cpu_05-steal=0.210282
cpu_05-sys=4.491831
cpu_05-usr=2.677606
cpu_06-gnice=0.000000
cpu_06-guest=0.000000
cpu_06-idle=91.792254
cpu_06-iowait=0.255634
cpu_06-irq=0.000000
cpu_06-nice=0.002394
cpu_06-soft=0.021408
cpu_06-steal=0.208310
cpu_06-sys=5.044648
cpu_06-usr=2.673521
cpu_07-gnice=0.000000
cpu_07-guest=0.000000
cpu_07-idle=92.543099
cpu_07-iowait=0.193239
cpu_07-irq=0.000000
cpu_07-nice=0.001831
cpu_07-soft=0.017746
cpu_07-steal=0.218451
cpu_07-sys=4.572113
cpu_07-usr=2.453521
cpu_08-gnice=0.000000
cpu_08-guest=0.000000
cpu_08-idle=89.275352
cpu_08-iowait=0.058732
cpu_08-irq=0.000000
cpu_08-nice=0.004789
cpu_08-soft=0.559014
cpu_08-steal=0.179014
cpu_08-sys=5.982394
cpu_08-usr=3.938592
cpu_09-gnice=0.000000
cpu_09-guest=0.000000
cpu_09-idle=88.139155
cpu_09-iowait=0.025493
cpu_09-irq=0.000000
cpu_09-nice=0.003380
cpu_09-soft=0.369296
cpu_09-steal=0.174225
cpu_09-sys=7.422394
cpu_09-usr=3.865352
cpu_10-gnice=0.000000
cpu_10-guest=0.000000
cpu_10-idle=91.984507
cpu_10-iowait=0.046479
cpu_10-irq=0.000000
cpu_10-nice=0.002817
cpu_10-soft=0.019155
cpu_10-steal=0.148873
cpu_10-sys=5.591127
cpu_10-usr=2.207042
cpu_11-gnice=0.000000
cpu_11-guest=0.000000
cpu_11-idle=92.438873
cpu_11-iowait=0.035211
cpu_11-irq=0.000000
cpu_11-nice=0.003099
cpu_11-soft=0.014930
cpu_11-steal=0.150000
cpu_11-sys=5.375915
cpu_11-usr=1.980282
cpu_12-gnice=0.000000
cpu_12-guest=0.000000
cpu_12-idle=92.521549
cpu_12-iowait=0.208592
cpu_12-irq=0.000000
cpu_12-nice=0.009718
cpu_12-soft=0.013380
cpu_12-steal=0.147887
cpu_12-sys=5.095070
cpu_12-usr=2.003239
cpu_13-gnice=0.000000
cpu_13-guest=0.000000
cpu_13-idle=93.098732
cpu_13-iowait=0.234225
cpu_13-irq=0.000000
cpu_13-nice=0.004648
cpu_13-soft=0.012676
cpu_13-steal=0.152535
cpu_13-sys=4.741268
cpu_13-usr=1.755070
cpu_14-gnice=0.000000
cpu_14-guest=0.000000
cpu_14-idle=90.862817
cpu_14-iowait=1.999859
cpu_14-irq=0.000000
cpu_14-nice=0.003239
cpu_14-soft=0.012113
cpu_14-steal=0.184789
cpu_14-sys=4.769718
cpu_14-usr=2.165915
cpu_15-gnice=0.000000
cpu_15-guest=0.000000
cpu_15-idle=90.283521
cpu_15-iowait=1.893521
cpu_15-irq=0.000000
cpu_15-nice=0.003662
cpu_15-soft=0.011972
cpu_15-steal=0.179296
cpu_15-sys=5.400141
cpu_15-usr=2.227606
