timestamp_ms,gnice,guest,idle,iowait,irq,nice,soft,steal,sys,usr
1505941345000,0.00,0.00,68.88,9.64,0.00,0.00,0.01,0.06,7.15,14.26
1505941445000,0.00,0.00,49.40,1.18,0.00,0.00,0.09,0.06,13.37,35.89
1505941545000,0.00,0.00,58.94,0.21,0.00,0.00,0.05,0.11,12.48,28.21
1505941645000,0.00,0.00,66.62,0.65,0.00,0.00,0.07,0.15,11.38,21.12
1505941745000,0.00,0.00,44.32,0.21,0.00,0.00,0.04,0.14,24.51,30.78
1505941845000,0.00,0.00,50.92,0.59,0.00,0.00,0.04,0.12,22.12,26.21
1505941945000,0.00,0.00,42.21,0.27,0.00,0.00,0.09,0.16,24.14,33.12
1505942045000,0.00,0.00,89.50,0.56,0.00,0.00,0.04,0.13,2.91,6.86
1505942145000,0.00,0.00,91.71,0.58,0.00,0.00,0.04,0.12,2.43,5.12
1505942245000,0.00,0.00,82.22,0.40,0.00,0.00,0.05,0.15,5.06,12.11
1505942345000,0.00,0.00,87.67,0.46,0.00,0.00,0.04,0.13,3.30,8.39
1505942445000,0.00,0.00,96.47,0.32,0.00,0.00,0.03,0.11,0.83,2.25
1505942545000,0.00,0.00,96.74,0.24,0.00,0.00,0.03,0.09,0.59,2.31
1505942645000,0.00,0.00,96.93,0.27,0.00,0.00,0.02,0.11,0.59,2.08
1505942745000,0.00,0.00,97.07,0.19,0.00,0.00,0.02,0.10,0.58,2.03
1505942845000,0.00,0.00,93.96,0.53,0.00,0.00,0.09,0.16,1.38,3.87
1505942945000,0.00,0.00,88.77,1.48,0.00,0.00,0.22,0.20,2.65,6.70
1505943045000,0.00,0.00,86.72,2.16,0.00,0.00,0.24,0.22,2.96,7.71
1505943145000,0.00,0.00,85.69,2.07,0.00,0.00,0.28,0.25,3.07,8.64
1505943245000,0.00,0.00,84.61,2.40,0.00,0.00,0.31,0.26,3.53,8.88
1505943345000,0.00,0.00,84.83,2.45,0.00,0.00,0.25,0.23,3.54,8.71
1505943445000,0.00,0.00,85.40,2.36,0.00,0.00,0.24,0.24,3.47,8.29
1505943545000,0.00,0.00,87.02,1.75,0.00,0.00,0.17,0.20,3.37,7.49
1505943645000,0.00,0.00,89.49,1.33,0.00,0.00,0.13,0.15,3.04,5.85
1505943745000,0.00,0.00,88.23,1.15,0.00,0.00,0.11,0.12,3.75,6.64
1505943845000,0.00,0.00,84.97,1.79,0.00,0.85,0.11,0.16,6.80,5.32
1505943945000,0.00,0.00,84.06,1.48,0.00,0.00,0.25,0.16,4.72,9.33
1505944045000,0.00,0.00,81.39,1.96,0.00,0.00,0.30,0.19,6.47,9.71
1505944145000,0.00,0.00,77.99,2.78,0.00,0.00,0.28,0.21,7.33,11.42
1505944245000,0.00,0.00,76.19,2.85,0.00,0.00,0.32,0.21,8.30,12.14
1505944345000,0.00,0.00,79.13,2.40,0.00,0.00,0.32,0.21,6.16,11.78
1505944445000,0.00,0.00,78.71,2.11,0.00,0.00,0.28,0.20,7.63,11.08
1505944545000,0.00,0.00,81.26,1.95,0.00,0.00,0.25,0.20,5.70,10.65
1505944645000,0.00,0.00,78.63,1.85,0.00,0.00,0.13,0.14,9.69,9.55
1505944745000,0.00,0.00,83.66,1.17,0.00,0.00,0.11,0.13,7.13,7.79
1505944845000,0.00,0.00,81.08,1.33,0.00,0.00,0.10,0.13,8.86,8.50
1505944945000,0.00,0.00,86.78,1.04,0.00,0.00,0.08,0.13,4.26,7.70
1505945045000,0.00,0.00,79.47,1.88,0.00,0.00,0.25,0.19,7.30,10.92
1505945145000,0.00,0.00,78.37,2.52,0.00,0.00,0.29,0.20,7.20,11.42
1505945245000,0.00,0.00,77.30,3.27,0.00,0.00,0.29,0.22,7.12,11.80
1505945345000,0.00,0.00,72.54,3.99,0.00,0.00,0.31,0.22,8.91,14.02
1505945445000,0.00,0.00,76.57,2.98,0.00,0.00,0.27,0.22,6.25,13.72
1505945545000,0.00,0.00,77.79,2.58,0.00,0.00,0.30,0.23,6.37,12.73
1505945645000,0.00,0.00,77.20,1.69,0.00,0.00,0.25,0.19,7.41,13.28
1505945745000,0.00,0.00,78.89,1.70,0.00,0.00,0.21,0.18,6.64,12.38
1505945845000,0.00,0.00,81.76,1.74,0.00,0.00,0.13,0.16,5.81,10.40
1505945945000,0.00,0.00,84.29,1.15,0.00,0.00,0.12,0.13,5.30,9.00
1505946045000,0.00,0.00,82.25,1.41,0.00,0.00,0.13,0.14,6.60,9.47
1505946145000,0.00,0.00,83.87,1.03,0.00,0.00,0.11,0.14,4.89,9.95
1505946245000,0.00,0.00,82.40,1.25,0.00,0.00,0.12,0.12,6.23,9.87
1505946345000,0.00,0.00,90.66,0.75,0.00,0.00,0.08,0.12,1.62,6.76
1505946445000,0.00,0.00,84.47,1.16,0.00,0.00,0.18,0.16,4.14,9.88
1505946545000,0.00,0.00,78.10,1.88,0.00,0.00,0.29,0.19,5.89,13.65
1505946645000,0.00,0.00,74.88,2.75,0.00,0.00,0.28,0.22,7.48,14.40
1505946745000,0.00,0.00,75.36,2.89,0.00,0.00,0.32,0.21,6.78,14.44
1505946845000,0.00,0.00,73.98,3.17,0.00,0.00,0.29,0.22,6.92,15.42
1505946945000,0.00,0.00,75.75,2.58,0.00,0.00,0.30,0.21,7.30,13.87
1505947045000,0.00,0.00,77.08,2.18,0.00,0.00,0.29,0.20,5.96,14.29
1505947145000,0.00,0.00,80.58,1.82,0.00,0.00,0.22,0.20,5.21,11.97
1505947245000,0.00,0.00,78.65,0.76,0.00,0.00,0.21,0.18,6.27,13.93
1505947345000,0.00,0.00,76.75,1.50,0.00,0.00,0.22,0.17,8.42,12.94
1505947445000,0.00,0.00,82.20,0.93,0.00,0.00,0.16,0.16,5.31,11.24
1505947545000,0.00,0.00,76.22,0.99,0.00,0.00,0.11,0.14,11.19,11.34
1505947645000,0.00,0.00,78.12,1.07,0.00,0.00,0.15,0.15,8.40,12.10
1505947745000,0.00,0.00,79.48,1.09,0.00,0.00,0.09,0.14,8.19,11.00
1505947845000,0.00,0.00,81.42,1.04,0.00,0.00,0.13,0.16,6.57,10.67
1505947945000,0.00,0.00,80.38,1.31,0.00,0.00,0.11,0.14,6.74,11.32
1505948045000,0.00,0.00,84.16,0.53,0.00,0.00,0.14,0.15,5.37,9.64
1505948145000,0.00,0.00,86.36,0.59,0.00,0.00,0.08,0.14,4.65,8.17
1505948245000,0.00,0.00,87.98,0.40,0.00,0.00,0.08,0.12,2.56,8.86
1505948345000,0.00,0.00,87.09,0.54,0.00,0.00,0.05,0.13,2.30,9.89
