all_cpu_busy-cpu_00=13.713521
all_cpu_busy-cpu_01=14.289437
all_cpu_busy-cpu_02=13.972254
all_cpu_busy-cpu_03=14.258169
frequency_MHz-cpu_00=2300.100000
frequency_MHz-cpu_01=2300.100000
frequency_MHz-cpu_02=2300.100000
frequency_MHz-cpu_03=2300.100000
